1111111111111111111111111111111111111111111111111111111111111111111111111111111111111111111111111111
1111111111111111111111111111111111111111111111111111111111111111111111111111111111111111111111111111
1111111111111111111111111111111111111111111111111111111111111111111111111111111111111111111111111111
1111111111111111111111111111111111111111111111111111111111111111111111111111111111111111111111111111
1111111111111111111111111111111111111111111111111111111111111111111111111111111111111111111111111111
1111111111000000000000000000000000111111111111111111111111111111111111111111111111111111111111111111
1111111111000000000000000000000000111111111111111111111111111111111111111111111111111111111111111111
1111111111000000000000000000000000111111111111111111111111111111111111111111111111111111111111111111
1111111111000111111111111111111000111111111111111111111111111111111111111111111111111111111111111111
1111111111000111111111111111111000111111111111111111111111111111111111111111111111111111111111111111
1111111111000111111111111111111000111111111111111111111111111111111111111111111111111111111111111111
1111111111000111111111111111111000111111111111111111111111111111111111111111111111111111111111111111
1111111111000111111111111111111000111111111111111111111111111111111111111111111111111111111111111111
1111111111000111111111111111111000111111111111111111111111111111111111111111111111111111111111111111
1111111111000111111111111111111000111111111111111111111111111111111111111111111111111111111111111111
1111111111000111111111111111111000111111111111111111111111111111111111111111111111111111111111111111
1111111111000111111110011111111000111111111111111111111111111111111111111111111111111111111111111111
1111111111000111111110011111111000111111111111111111111111111111111111111111111111111111111111111111
1111111111000111100000000001111000111111111111111111111111111111111111111111111111111111111111111111
1111111111000111100000000001111000111111111111111111111111111111111111111111111111111111111111111111
1111111111000111100000000001111000111111111111111111111111111111111111111111111111111111111111111111
1111111111000111100000000001111000111111111111111111111111111111111111111111111111111111111111111111
1111111111000111100000000001111000111111111111111111111111111111111111111111111111111111111111111111
1111111111000111100000000001111000111111111111111111111111111111111111111111111111111111111111111111
1111111111000111100000000001111000111111111111111111111111111111111111111111111111111111111111111111
1111111111000111111111111111111000111111111111111111111111111111111111111111111111111111111111111111
1111111111000111111111111111111000111111111111111111111111111111111111111111111111111111111111111111
1111111111000111111111111111111000111111111111111111111111111111111111111111111111111111111111111111
1111111111000111111111111111111000111111111111111111111111111111111111111111111111111111111111111111
1111111111000111111110011111111000111111111111111111111111111111111111111111111111111111111111111111
1111111111000111111110011111111000111111111111111111111111111111111111111111111111111111111111111111
1111111111000000000000000000000000111111111111111111111111111111111111111111111111111111111111111111
1111111111000000000000000000000000111111111111111111111111111111111111111111111111111111111111111111
1111111111000000000000000000000000111111111111111111111111111111111111111111111111111111111111111111
1111111111111111111111111111111111111111111111111111111111111111111111111111111111111111111111111111
1111111111111111111111111111111111111111111111111111111111111111111111111111111111111111111111111111
1111111111111111111111111111111111111111111111111111111111111111111111111111111111111111111111111111
1111111111111111111111111111111111111111111111111111111111111111111111111111111111111111111111111111
1111111111111111111111111111111111111111111111111111111111111111111111111111111111111111111111111111
1111111111111111111111111111111111111111111111111111111111111111111111111111111111111111111111111111
1111111111111111111111111111111111111111111111111111111111111111111111111111111111111111111111111111
1111111111111111111111111111111111111111111111111111111111111111111111111111111111111111111111111111
1111111111111111111111111111111111111111111111111111111111111111111111111111111111111111111111111111
1111111111111111111111111111111111111111111111111111111111111111111111111111111111111111111111111111
1111111111111111111111111111111111111111111111111111111111111111111111111111111111111111111111111111
1111111111111111111111111111111111111111111111111111111111111111111111111111111111111111111111111111
1111111111111111111111111111111111111111111111111111111111111111111111111111111111111111111111111111
1111111111111111111111111111111111111111111111111111111111111111111111111111111111111111111111111111
1111111111111111111111111111111111111111111111111111111111111111111111111111111111111111111111111111
1111111111111111111111111111111111111111111111111111111111111111111111111111111111111111111111111111
1111111111111111111111111111111111111111111111111111111111111111111111111111111111111111111111111111
1111111111111111111111111111111111111111111111111111111111111111111111111111111111111111111111111111
1111111111111111111111111111111111111111111111111111111111111111111111111111111111111111111111111111
1111111111111111111111111111111111111111111111111111111111111111111111111111111111111111111111111111
1111111111111111111111111111111111111111111111111111111111111111111111111111111111111111111111111111
1111111111111111111111111111111111111111111111111111111111111111111111111111111111111111111111111111
1111111111111111111111111111111111111111111111111111111111111111111111111111111111111111111111111111
1111111111111111111111111111111111111111111111111111111111111111111111111111111111111111111111111111
1111111111111111111111111111111111111111111111111111111111111111111111111111111111111111111111111111
1111111111111111111111111111111111111111111111111111111111111111111111111111111111111111111111111111
1111111111111111111111111111111111111111111111111111111111111111111111111111111111111111111111111111
1111111111111111111111111111111111111111111111111111111111111111111111111111111111111111111111111111
1111111111111111111111111111111111111111111111111111111111111111111111111111111111111111111111111111
1111111111111111111111111111111111111111111111111111111111111111111111111111111111111111111111111111
1111111111111111111111111111111111111111111111111111111111111111111111111111111111111111111111111111
1111111111111111111111111111111111111111111111111111111111111111111111111111111111111111111111111111
1111111111111111111111111111111111111111111111111111111111111111111111111111111111111111111111111111
1111111111111111111111111111111111111111111111111111111111111111111111111111111111111111111111111111
1111111111111111111111111111111111111111111111111111111111111111111111111111111111111111111111111111
1111111111111111111111111111111111111111111111111111111111111111111111111111111111111111111111111111
1111111111111111111111111111111111111111111111111111111111111111111111111111111111111111111111111111
1111111111111111111111111111111111111111111111111111111111111111111111111111111111111111111111111111
1111111111111111111111111111111111111111111111111111111111111111111111111111111111111111111111111111
1111111111111111111111111111111111111111111111111111111111111111111111111111111111111111111111111111
1111111111111111111111111111111111111111111111111111111111111111111111111111111111111111111111111111
1111111111111111111111111111111111111111111111111111111111111111111111111111111111111111111111111111
1111111111111111111111111111111111111111111111111111111111111111111111111111111111111111111111111111
1111111111111111111111111111111111111111111111111111111111111111111111111111111111111111111111111111